##FastQC	0.11.9
>>Basic Statistics	pass
#Measure	Value
Filename	SRR15202685_2.fastq.gz
File type	Conventional base calls
Encoding	Sanger / Illumina 1.9
Total Sequences	3648964
Sequences flagged as poor quality	0
Sequence length	151
%GC	37
>>END_MODULE
>>Per base sequence quality	fail
#Base	Mean	Median	Lower Quartile	Upper Quartile	10th Percentile	90th Percentile
1	29.705615621310596	32.0	32.0	32.0	21.0	32.0
2	29.409535966921023	32.0	32.0	32.0	14.0	32.0
3	29.40449672838647	32.0	32.0	32.0	14.0	32.0
4	29.35171517175834	32.0	32.0	32.0	14.0	32.0
5	29.293371762505743	32.0	32.0	32.0	14.0	32.0
6	32.06758795099102	36.0	32.0	36.0	14.0	36.0
7	32.02596216350723	36.0	32.0	36.0	14.0	36.0
8	31.962101571843405	36.0	32.0	36.0	14.0	36.0
9	31.95003266680625	36.0	32.0	36.0	14.0	36.0
10-14	31.8079966807017	36.0	32.0	36.0	14.0	36.0
15-19	31.595342897326475	36.0	32.0	36.0	14.0	36.0
20-24	31.372850047301096	36.0	32.0	36.0	14.0	36.0
25-29	31.13957358855829	36.0	32.0	36.0	14.0	36.0
30-34	30.862388667029876	36.0	32.0	36.0	14.0	36.0
35-39	30.581526647015426	36.0	30.0	36.0	14.0	36.0
40-44	30.264383315373898	36.0	27.0	36.0	14.0	36.0
45-49	29.97072374515068	36.0	27.0	36.0	14.0	36.0
50-54	29.665796538414735	36.0	27.0	36.0	14.0	36.0
55-59	29.38377802576293	34.4	23.4	36.0	14.0	36.0
60-64	29.085559682145394	32.0	21.0	36.0	14.0	36.0
65-69	28.81502673087484	32.0	19.6	36.0	14.0	36.0
70-74	28.51906650764436	32.0	14.0	36.0	14.0	36.0
75-79	28.198345448187485	32.0	14.0	36.0	14.0	36.0
80-84	27.891866020053914	32.0	14.0	36.0	14.0	36.0
85-89	27.537948853427984	32.0	14.0	36.0	14.0	36.0
90-94	27.21903734868308	32.0	14.0	36.0	14.0	36.0
95-99	26.779644633380872	32.0	14.0	36.0	14.0	36.0
100-104	26.352839162019688	31.0	14.0	36.0	14.0	36.0
105-109	25.929890730629296	27.0	14.0	36.0	14.0	36.0
110-114	25.50460859575485	27.0	14.0	35.2	14.0	36.0
115-119	25.02494702606	27.0	14.0	32.0	14.0	36.0
120-124	24.58471144138446	27.0	14.0	32.0	14.0	36.0
125-129	24.1839576931973	27.0	14.0	32.0	14.0	36.0
130-134	23.863449077601203	27.0	14.0	32.0	14.0	36.0
135-139	23.530402821184317	27.0	14.0	32.0	14.0	36.0
140-144	23.275807434658166	27.0	14.0	32.0	14.0	36.0
145-149	23.0251077840176	24.6	14.0	32.0	14.0	36.0
150-151	21.514196769274786	17.5	14.0	29.5	14.0	34.0
>>END_MODULE
>>Per sequence quality scores	pass
#Quality	Count
14	114.0
15	972.0
16	2574.0
17	5279.0
18	10126.0
19	19346.0
20	37273.0
21	67675.0
22	113982.0
23	176179.0
24	247040.0
25	319257.0
26	383202.0
27	427937.0
28	448643.0
29	432405.0
30	380553.0
31	294261.0
32	184515.0
33	80918.0
34	16345.0
35	368.0
>>END_MODULE
>>Per base sequence content	pass
#Base	G	A	T	C
1	26.096144324504227	25.542020168013778	23.62621786959933	24.735617637882658
2	16.297397480102394	27.639595759343806	36.37812280183315	19.684883958720654
3	15.390957782151297	29.7567855008744	35.495200399098735	19.357056317875568
4	17.97832909915809	32.62061780677853	31.066055600581834	18.334997493481545
5	17.691010278243244	34.13148543116164	29.922865213099097	18.254639077496012
6	18.311331891451573	35.25099404600226	28.448668799248345	17.989005263297823
7	18.189073685243354	32.145283682335425	31.56388913022684	18.101753502194377
8	18.912578987296254	32.64261016562666	29.165415075227042	19.279395771850048
9	17.790460738623363	30.612842799648654	31.8587541434685	19.737942318259492
10-14	18.708503122096136	31.487832734862376	30.26038762457319	19.543276518468296
15-19	18.49186163770078	31.701321626758205	30.684452499060804	19.122364236480212
20-24	18.300714532641628	31.70897894145509	30.88283842899836	19.107468096904924
25-29	18.292716482067537	31.879495283977032	30.83342623856375	18.99436199539168
30-34	18.216775152281443	31.93025539521263	30.92097084777512	18.931998604730804
35-39	18.176612189320203	31.961775877050165	30.983618319152146	18.87799361447749
40-44	18.192413973334222	32.01896122995649	30.935058346462185	18.853566450247104
45-49	18.17668945140737	32.13500187697183	30.94433469940196	18.743973972218843
50-54	18.22222974949103	32.1766296281193	30.819704226568746	18.78143639582092
55-59	18.310519809828627	32.19349483938087	30.81083291262001	18.685152438170487
60-64	18.36647042457878	32.28735927780456	30.700382114104546	18.645788183512114
65-69	18.421856754214012	32.320708454109784	30.674441669528214	18.582993122147986
70-74	18.522067981656587	32.33418128251748	30.62426979210081	18.519480943725128
75-79	18.594861445604835	32.376871901175235	30.595522455140696	18.432744198079234
80-84	18.64778057552774	32.41848371208924	30.546105689176432	18.387630023206587
85-89	18.871592046400018	32.367598036045294	30.43154166497669	18.329268252577993
90-94	19.03469039431466	32.35129203795927	30.40243751377103	18.21158005395504
95-99	19.224393553896395	32.26442354597086	30.31150211402469	18.199680786108058
100-104	19.444784875926427	32.285783033211615	30.18914409679021	18.080287994071742
105-109	19.62316427347598	32.3659811387561	30.02526744577365	17.985587141994273
110-114	19.794688015266143	32.419510437456246	29.911916363763325	17.87388518351429
115-119	20.11476902647097	32.47760542198886	29.68762417909567	17.720001372444493
120-124	20.434513610278515	32.49846230276724	29.51611893659206	17.55090515036218
125-129	20.86169115398234	32.43351811637495	29.279527010954343	17.42526371868837
130-134	21.415294861774463	32.36338314107785	29.016296132272064	17.20502586487562
135-139	22.01299875800364	32.22722942731142	28.73550410472671	17.024267709958224
140-144	22.613624031368904	32.12955238802027	28.42422123101242	16.832602349598407
145-149	23.311191888985476	31.994494875805845	28.071184040182363	16.623129195026316
150-151	23.61320911908147	33.245614371640826	26.84949755601864	16.291678953259062
>>END_MODULE
>>Per sequence GC content	pass
#GC Content	Count
0	1.0
1	2.0
2	5.5
3	10.5
4	22.5
5	39.0
6	75.5
7	134.5
8	185.5
9	295.0
10	474.0
11	781.0
12	1389.0
13	2184.0
14	3094.5
15	4380.5
16	6199.5
17	8454.5
18	11252.5
19	14704.0
20	18703.0
21	23771.5
22	29710.5
23	36109.5
24	42901.0
25	50271.0
26	58650.0
27	67970.0
28	78108.5
29	89030.0
30	101236.0
31	113294.5
32	126546.0
33	140359.5
34	152719.0
35	164043.0
36	173611.5
37	181560.0
38	187799.5
39	190905.0
40	189485.5
41	183638.5
42	174005.0
43	161352.5
44	146460.5
45	130580.5
46	114400.0
47	98437.0
48	82561.5
49	67870.5
50	54750.0
51	42962.5
52	33114.5
53	24842.5
54	18226.0
55	13189.5
56	9406.5
57	6637.0
58	4567.0
59	3029.0
60	1928.0
61	1221.5
62	787.0
63	504.5
64	328.0
65	238.5
66	177.5
67	136.5
68	99.5
69	87.5
70	99.0
71	103.5
72	88.5
73	78.5
74	87.0
75	80.0
76	63.0
77	57.0
78	58.0
79	72.0
80	85.0
81	81.0
82	76.5
83	72.0
84	63.5
85	66.5
86	74.5
87	68.5
88	64.5
89	68.0
90	73.5
91	76.0
92	82.0
93	81.5
94	85.0
95	89.0
96	96.0
97	119.0
98	144.0
99	177.0
100	261.5
>>END_MODULE
>>Per base N content	pass
#Base	N-Count
1	0.038531484552875826
2	0.028446430274455984
3	0.020389348867240125
4	0.013072203507625727
5	0.007837841096815424
6	0.013455874050826482
7	0.00885182753241742
8	0.007563790708814885
9	0.004083350781208036
10-14	0.0045327934175289205
15-19	0.0026637697713652424
20-24	0.003217351555126332
25-29	0.0023129852747245517
30-34	0.0017100744211233654
35-39	6.083918613611973E-4
40-44	6.577209312012944E-5
45-49	3.8367054320075504E-5
50-54	2.4116434144047462E-4
55-59	7.125310088014022E-5
60-64	4.3848062080086295E-5
65-69	1.3702519400026966E-4
70-74	8.769612416017259E-5
75-79	0.0
80-84	0.0
85-89	0.0
90-94	0.0
95-99	0.0
100-104	0.0
105-109	0.0
110-114	5.481007760010787E-6
115-119	1.0962015520021574E-5
120-124	3.288604656006472E-5
125-129	0.0
130-134	0.0
135-139	0.0
140-144	0.0
145-149	0.0
150-151	0.0
>>END_MODULE
>>Sequence Length Distribution	pass
#Length	Count
151	3648964.0
>>END_MODULE
>>Sequence Duplication Levels	pass
#Total Deduplicated Percentage	85.97319277521099
#Duplication Level	Percentage of deduplicated	Percentage of total
1	87.35248611230824	75.09972127927418
2	10.18308317062787	17.50944344948794
3	1.8754404430232907	4.837128082394055
4	0.3810152431499458	1.310283877984967
5	0.09559107002702226	0.4109134745510939
6	0.039034448993744586	0.20135497249280065
7	0.01991870077838914	0.11987320112965363
8	0.013846358060821292	0.09523324886380685
9	0.010180380871081755	0.0787715862439124
>10	0.02937211832976818	0.3207937909505889
>50	0.0	0.0
>100	0.0	0.0
>500	3.1953829821730736E-5	0.016483036627019654
>1k	0.0	0.0
>5k	0.0	0.0
>10k+	0.0	0.0
>>END_MODULE
>>Overrepresented sequences	pass
>>END_MODULE
>>Adapter Content	fail
#Position	Illumina Universal Adapter	Illumina Small RNA 3' Adapter	Illumina Small RNA 5' Adapter	Nextera Transposase Sequence	SOLID Small RNA Adapter
1	3.288604656006472E-4	0.0	0.0	0.0	0.0
2	4.384806208008629E-4	0.0	0.0	0.0	0.0
3	4.658856596009169E-4	0.0	0.0	0.0	0.0
4	4.932906984009708E-4	0.0	0.0	2.7405038800053932E-5	0.0
5	6.029108536011865E-4	0.0	0.0	2.7405038800053932E-5	0.0
6	0.0010139864356019956	0.0	0.0	2.7405038800053932E-5	0.0
7	0.001699112405603344	0.0	0.0	2.7405038800053932E-5	0.0
8	0.0031789845008062564	0.0	0.0	5.4810077600107864E-5	0.0
9	0.005453602721210733	0.0	0.0	5.4810077600107864E-5	0.0
10-14	0.013554532190506677	5.481007760010786E-6	0.0	1.4798720952029123E-4	0.0
15-19	0.025026281432209245	2.7405038800053932E-5	0.0	2.5760736472050697E-4	0.0
20-24	0.03611984113847108	2.7405038800053932E-5	0.0	3.288604656006472E-4	0.0
25-29	0.05266700356594365	3.288604656006472E-5	0.0	3.34341473360658E-4	0.0
30-34	0.09515029471378725	5.4810077600107864E-5	0.0	3.9463255872077663E-4	0.0
35-39	0.20182714874687718	5.4810077600107864E-5	0.0	4.932906984009708E-4	0.0
40-44	0.38032164745938846	5.4810077600107864E-5	0.0	5.64543799281111E-4	0.0
45-49	0.6262325416200325	9.317713192018337E-5	0.0	6.632019389613052E-4	0.0
50-54	0.9266465769462237	1.0962015520021573E-4	0.0	7.289740320814347E-4	0.0
55-59	1.2726516348201848	1.0962015520021573E-4	0.0	7.94746125201564E-4	0.0
60-64	1.6593915423665457	1.0962015520021573E-4	0.0	8.385941872816503E-4	0.0
65-69	2.096682784483486	1.205821707202373E-4	0.0	9.48214342481866E-4	0.0
70-74	2.5922152150583018	1.3702519400026966E-4	0.0	0.0010194674433620064	0.0
75-79	3.1541171685990874	1.3702519400026966E-4	0.0	0.0011400496140822436	0.0
80-84	3.7843672889072075	1.3702519400026966E-4	0.0	0.0012222647304824053	0.0
85-89	4.475297646126408	1.3702519400026966E-4	1.644302328003236E-5	0.0013044798468825672	0.0
90-94	5.232581083288298	1.3702519400026966E-4	2.7405038800053932E-5	0.0013428469012026426	1.0962015520021572E-5
95-99	6.055965474035918	1.699112405603344E-4	2.7405038800053932E-5	0.001381213955522718	2.7405038800053932E-5
100-104	6.953897051327445	2.0279728712039913E-4	2.7405038800053932E-5	0.0014908341107229338	2.7405038800053932E-5
105-109	7.904259948851236	2.466453492004854E-4	2.7405038800053932E-5	0.0016333403124832145	2.7405038800053932E-5
110-114	8.915281159255064	2.521263569604962E-4	2.7405038800053932E-5	0.0017429604676834302	2.7405038800053932E-5
115-119	9.970484773212341	3.0145542680059325E-4	2.7405038800053932E-5	0.0017813275220035056	2.7405038800053932E-5
120-124	11.074546090342356	3.398224811206688E-4	2.7405038800053932E-5	0.0018361375996036136	2.7405038800053932E-5
125-129	12.213121313337156	3.5626550440070114E-4	2.7405038800053932E-5	0.0018635426384036673	2.7405038800053932E-5
130-134	13.396547622832125	3.781895354407443E-4	2.7405038800053932E-5	0.0019128717082437644	2.7405038800053932E-5
135-139	14.593232490098561	3.9463255872077663E-4	2.7405038800053932E-5	0.0019183527160037753	2.7405038800053932E-5
140	15.289298551588889	4.11075582000809E-4	2.7405038800053932E-5	0.0019457577548038292	2.7405038800053932E-5
>>END_MODULE
