##FastQC	0.11.9
>>Basic Statistics	pass
#Measure	Value
Filename	SRR15202685_1.fastq.gz
File type	Conventional base calls
Encoding	Sanger / Illumina 1.9
Total Sequences	3648964
Sequences flagged as poor quality	0
Sequence length	151
%GC	39
>>END_MODULE
>>Per base sequence quality	warn
#Base	Mean	Median	Lower Quartile	Upper Quartile	10th Percentile	90th Percentile
1	29.354378941529706	32.0	32.0	32.0	14.0	32.0
2	29.813785501857513	32.0	32.0	32.0	21.0	32.0
3	29.9901931068654	32.0	32.0	32.0	21.0	32.0
4	30.141546477301503	32.0	32.0	32.0	21.0	32.0
5	30.203810999505613	32.0	32.0	32.0	21.0	32.0
6	32.52078370737557	36.0	32.0	36.0	21.0	36.0
7	32.580256204226735	36.0	32.0	36.0	21.0	36.0
8	32.66898385404734	36.0	32.0	36.0	21.0	36.0
9	32.72741221892022	36.0	32.0	36.0	21.0	36.0
10-14	32.82671936472928	36.0	32.0	36.0	21.0	36.0
15-19	32.845578690280306	36.0	34.4	36.0	21.0	36.0
20-24	32.727611837222845	36.0	32.0	36.0	18.2	36.0
25-29	32.35044045378359	36.0	32.0	36.0	14.0	36.0
30-34	32.09240096641129	36.0	32.0	36.0	14.0	36.0
35-39	31.913873472032066	36.0	32.0	36.0	14.0	36.0
40-44	31.666714716834697	36.0	32.0	36.0	14.0	36.0
45-49	31.378632620108068	36.0	32.0	36.0	14.0	36.0
50-54	31.038635404460006	36.0	32.0	36.0	14.0	36.0
55-59	30.696957876262964	36.0	31.0	36.0	14.0	36.0
60-64	30.35758790714296	36.0	27.0	36.0	14.0	36.0
65-69	30.077925076816324	36.0	27.0	36.0	14.0	36.0
70-74	29.841951962255585	36.0	27.0	36.0	14.0	36.0
75-79	29.570320342979546	36.0	27.0	36.0	14.0	36.0
80-84	29.308001120317982	33.6	25.8	36.0	14.0	36.0
85-89	29.027819019316166	32.0	21.0	36.0	14.0	36.0
90-94	28.739371942282794	32.0	18.2	36.0	14.0	36.0
95-99	28.367631525002714	32.0	14.0	36.0	14.0	36.0
100-104	27.985517313955416	32.0	14.0	36.0	14.0	36.0
105-109	27.526932959601687	32.0	14.0	36.0	14.0	36.0
110-114	27.0200033214907	32.0	14.0	36.0	14.0	36.0
115-119	26.53579350193644	32.0	14.0	36.0	14.0	36.0
120-124	26.025621135204403	27.0	14.0	34.4	14.0	36.0
125-129	25.55328010909398	27.0	14.0	32.0	14.0	36.0
130-134	25.151789658653797	27.0	14.0	32.0	14.0	36.0
135-139	24.83716035565163	27.0	14.0	32.0	14.0	36.0
140-144	24.545782090478287	27.0	14.0	32.0	14.0	36.0
145-149	24.239411679589054	27.0	14.0	32.0	14.0	36.0
150-151	22.671677906386577	20.5	14.0	29.5	14.0	34.0
>>END_MODULE
>>Per sequence quality scores	pass
#Quality	Count
16	2.0
17	10.0
18	70.0
19	628.0
20	3688.0
21	13429.0
22	35726.0
23	77727.0
24	141100.0
25	222493.0
26	312114.0
27	396563.0
28	463626.0
29	500979.0
30	496478.0
31	442491.0
32	327608.0
33	171174.0
34	41644.0
35	1414.0
>>END_MODULE
>>Per base sequence content	pass
#Base	G	A	T	C
1	25.458856292365507	24.232672113937685	24.617535242345088	25.690936351351723
2	15.771569294316063	27.632906667572872	35.878455891259705	20.717068146851364
3	15.296592483946808	29.894630337441075	34.93030759698029	19.878469581631823
4	17.624262667431083	32.93008645741641	30.68679219636039	18.758858678792116
5	17.563505696411365	34.25177666866541	29.51667925471449	18.66803838020874
6	18.848576183832293	35.35353618400769	28.31715170444938	17.48073592771064
7	18.622750929938555	32.08026973630662	31.4556426229625	17.84133671079233
8	19.498864880804263	32.41949204101118	28.963763882052838	19.117879196131714
9	18.249070147033514	30.4366115971547	31.712919064150814	19.601399191660978
10-14	19.21708378156575	31.20812474208423	30.072004574670068	19.502786901679947
15-19	19.099443019991426	31.31572687480611	30.52413232906655	19.060697776135914
20-24	18.89755009915143	31.253769563086948	30.80767582250743	19.041004515254194
25-29	18.925311403455886	31.363702135729483	30.735025064648486	18.975961396166145
30-34	18.853641745985982	31.333068783358787	30.854850856297844	18.95843861435739
35-39	18.845332538221808	31.358402001225556	30.856095045059366	18.940170415493274
40-44	18.878368334057466	31.383752741121544	30.851628898580653	18.886250026240333
45-49	18.939210864798035	31.46040805037853	30.79035253799215	18.81002854683129
50-54	18.928401594067125	31.482288618056405	30.68743651564305	18.90187327223342
55-59	18.992012417941336	31.494916021588885	30.637515710153764	18.87555585031601
60-64	19.008746122377747	31.591667329882856	30.503685837670545	18.89590071006885
65-69	19.001160745014463	31.56241475085091	30.45763784963833	18.9787866544963
70-74	19.024879238875915	31.58022129312583	30.33166344094373	19.063236027054526
75-79	19.082145158200607	31.65635089394381	30.16549724125589	19.09600670659969
80-84	19.07229443097235	31.62118599741043	30.078908895843842	19.22761067577338
85-89	19.230830365267497	31.590270875493825	29.887048153974682	19.291850605263996
90-94	19.342380165358108	31.57900737120991	29.739477064271476	19.339135399160504
95-99	19.479326398348594	31.503789931470294	29.580884711793598	19.435998958387515
100-104	19.6549261460395	31.512360514974414	29.35533376925687	19.477379569729223
105-109	19.786582454900294	31.572555640243316	29.16442812904807	19.476433775808317
110-114	19.997422823229734	31.57260784473535	28.87189978980827	19.558069542226647
115-119	20.269105034581962	31.544143166053267	28.593226596638203	19.593525202726568
120-124	20.652940302087302	31.472230541186768	28.282174989991667	19.592654166734267
125-129	21.073343733729967	31.36092294047126	27.950924363889207	19.614808961909567
130-134	21.6326326808041	31.224537268203846	27.564870257293006	19.577959793699048
135-139	22.22298834534889	31.070754935962917	27.18698935845842	19.519267360229772
140-144	22.820100620395607	30.91410105120305	26.7538549318957	19.511943396505636
145-149	23.553739392188792	30.74724264050982	26.308911959072194	19.39010600822919
150-151	25.20741215052147	30.15667912548649	25.08141715661294	19.554491567379095
>>END_MODULE
>>Per sequence GC content	pass
#GC Content	Count
0	0.0
1	0.0
2	0.0
3	0.0
4	1.5
5	8.5
6	34.5
7	59.5
8	81.5
9	155.5
10	284.0
11	554.0
12	1045.0
13	1647.5
14	2436.0
15	3531.5
16	4986.0
17	6926.5
18	9461.0
19	12514.5
20	16221.0
21	20609.0
22	25780.0
23	31542.5
24	37464.5
25	44070.5
26	51510.5
27	60074.0
28	69331.0
29	79785.0
30	91171.5
31	102562.5
32	115084.5
33	128298.0
34	141055.5
35	153032.0
36	164125.5
37	173834.5
38	181418.0
39	186549.5
40	188791.0
41	186313.0
42	179646.5
43	170164.5
44	157215.0
45	142194.5
46	126595.5
47	110986.5
48	96107.0
49	81555.5
50	67189.5
51	54223.0
52	43109.0
53	33452.0
54	25548.5
55	19345.0
56	14302.0
57	10357.0
58	7428.5
59	5220.0
60	3653.0
61	2500.0
62	1619.5
63	1047.5
64	701.0
65	483.0
66	322.0
67	203.5
68	121.0
69	87.0
70	76.5
71	45.0
72	30.0
73	24.5
74	20.5
75	17.0
76	12.5
77	13.5
78	14.5
79	10.0
80	8.0
81	7.0
82	4.0
83	2.5
84	3.0
85	6.5
86	7.5
87	9.0
88	10.0
89	12.5
90	15.5
91	19.5
92	27.0
93	42.0
94	62.0
95	119.5
96	133.5
97	85.5
98	75.5
99	117.0
100	141.5
>>END_MODULE
>>Per base N content	pass
#Base	N-Count
1	0.017922895375235275
2	0.0013702519400026966
3	2.7405038800053932E-5
4	0.0
5	0.0
6	0.002000567832403937
7	0.0018361375996036133
8	2.1924031040043145E-4
9	0.0
10-14	3.8367054320075504E-5
15-19	0.0
20-24	0.0
25-29	0.0
30-34	0.0
35-39	0.0
40-44	3.8367054320075504E-5
45-49	3.453034888806796E-4
50-54	9.208093036818122E-4
55-59	0.0013702519400026966
60-64	0.0021485550419242283
65-69	0.0027569469032854258
70-74	0.0018142135685635704
75-79	5.755058148011326E-4
80-84	5.974298458411758E-4
85-89	2.9597441904058246E-4
90-94	2.9597441904058246E-4
95-99	1.699112405603344E-4
100-104	1.6443023280032358E-4
105-109	1.2058217072023731E-4
110-114	2.6856938024052854E-4
115-119	2.6308837248051776E-4
120-124	1.5346821728030202E-4
125-129	1.644302328003236E-5
130-134	9.865813968019416E-5
135-139	5.481007760010787E-6
140-144	5.4810077600107864E-5
145-149	5.4810077600107864E-5
150-151	2.603478686005124E-4
>>END_MODULE
>>Sequence Length Distribution	pass
#Length	Count
151	3648964.0
>>END_MODULE
>>Sequence Duplication Levels	pass
#Total Deduplicated Percentage	83.3259468528498
#Duplication Level	Percentage of deduplicated	Percentage of total
1	84.8115703401188	70.6700440266747
2	11.968525575543367	19.945774520294
3	2.4073479987686492	6.017836542051324
4	0.5303424391545308	1.7676514359520465
5	0.14211797553188477	0.5921057438002219
6	0.04853468112184783	0.24265189558074626
7	0.026448854986416203	0.15427131194417934
8	0.015255757292113141	0.1016960337058076
9	0.013892158780018028	0.10418195557576194
>10	0.035928398655031904	0.4011002689956764
>50	3.582004734917463E-5	0.002686265425515499
>100	0.0	0.0
>500	0.0	0.0
>1k	0.0	0.0
>5k	0.0	0.0
>10k+	0.0	0.0
>>END_MODULE
>>Overrepresented sequences	pass
>>END_MODULE
>>Adapter Content	fail
#Position	Illumina Universal Adapter	Illumina Small RNA 3' Adapter	Illumina Small RNA 5' Adapter	Nextera Transposase Sequence	SOLID Small RNA Adapter
1	2.740503880005393E-4	0.0	0.0	0.0	0.0
2	3.8367054320075507E-4	2.7405038800053932E-5	0.0	0.0	0.0
3	4.11075582000809E-4	2.7405038800053932E-5	0.0	0.0	0.0
4	4.932906984009708E-4	2.7405038800053932E-5	0.0	2.7405038800053932E-5	0.0
5	6.029108536011865E-4	2.7405038800053932E-5	0.0	5.4810077600107864E-5	0.0
6	0.0010413914744020496	2.7405038800053932E-5	0.0	1.0962015520021573E-4	0.0
7	0.0018087325608035596	2.7405038800053932E-5	0.0	1.0962015520021573E-4	0.0
8	0.0033708197724066336	2.7405038800053932E-5	0.0	1.0962015520021573E-4	0.0
9	0.005974298458411758	2.7405038800053932E-5	0.0	1.0962015520021573E-4	0.0
10-14	0.015165948471949848	2.7405038800053932E-5	0.0	1.4798720952029123E-4	0.0
15-19	0.02760783608717433	3.288604656006472E-5	0.0	2.0279728712039913E-4	0.0
20-24	0.03929334463151733	5.4810077600107864E-5	0.0	3.507844966406903E-4	0.0
25-29	0.05699699969635217	5.4810077600107864E-5	0.0	4.001135664807874E-4	0.0
30-34	0.10194674433620063	5.4810077600107864E-5	0.0	4.4396162856087375E-4	0.0
35-39	0.21527206078218364	5.4810077600107864E-5	0.0	6.083918613611973E-4	0.0
40-44	0.40549591610111807	5.4810077600107864E-5	0.0	7.454170553614669E-4	0.0
45-49	0.6674935680373936	5.4810077600107864E-5	0.0	7.783031019215318E-4	0.0
50-54	0.9907305196762698	5.4810077600107864E-5	0.0	8.22151164001618E-4	0.0
55-59	1.3641680213890848	7.125310088014022E-5	0.0	8.988852726417691E-4	0.0
60-64	1.7804450797541438	8.22151164001618E-5	0.0	9.208093036818122E-4	0.0
65-69	2.248610838583225	8.22151164001618E-5	0.0	9.317713192018337E-4	0.0
70-74	2.7797478955670707	9.865813968019416E-5	0.0	9.811003890419308E-4	0.0
75-79	3.3813378262980947	1.4798720952029123E-4	0.0	0.0010304294588820279	0.0
80-84	4.05452068039038	2.0827829488040986E-4	0.0	0.0010852395364821356	0.0
85-89	4.788992163255105	2.1924031040043145E-4	0.0	0.0011400496140822436	1.644302328003236E-5
90-94	5.595100417543171	2.30202325920453E-4	0.0	0.0011729356606423084	2.7405038800053932E-5
95-99	6.464130640916162	2.521263569604962E-4	0.0	0.0012167837227223944	2.7405038800053932E-5
100-104	7.416844890768997	2.959744190405825E-4	0.0	0.0012825558158425243	2.7405038800053932E-5
105-109	8.423991028686498	3.2886046560064717E-4	0.0	0.0013647709322426858	2.7405038800053932E-5
110-114	9.491044581420919	3.5626550440070114E-4	0.0	0.00146342907192288	5.4810077600107864E-5
115-119	10.597676491190375	3.5626550440070114E-4	0.0	0.0015072771340029663	7.673410864015101E-5
120-124	11.757024733595618	3.5626550440070114E-4	0.0	0.0015620872116030742	1.0962015520021573E-4
125-129	12.943416268288752	3.7270852768073344E-4	0.0	0.001622378296963193	1.260631784802481E-4
130-134	14.171523753043331	3.8367054320075507E-4	0.0	0.00167170736680329	1.4250620176028045E-4
135-139	15.405956320752958	3.9463255872077663E-4	0.0	0.001699112405603344	1.644302328003236E-4
140	16.136251275704556	4.11075582000809E-4	0.0	0.0017539224832034516	1.644302328003236E-4
>>END_MODULE
